12.692
12.676
12.708
12.541
12.88
12.864
12.639
12.896
12.639
12.659
12.639
12.761
12.827
12.778
12.643
12.659
12.847
12.708
12.467
12.622
12.676
12.725
12.864
12.761
12.655
12.896
12.831
12.655
12.774
12.671
12.659
12.692
12.774
12.602
12.688
12.81
12.827
12.52
12.5
12.9
12.864
12.778
12.896
12.59
14.18
12.741
12.516
12.451
12.725
12.467
12.708
12.659
12.745
12.708
12.774
12.741
12.639
12.847
12.643
10.631
12.671
12.741
12.655
12.708
12.896
12.573
12.708
12.794
12.725
12.757
12.725
12.761
12.708
12.794
12.676
12.671
12.864
12.778
12.688
12.639
12.692
12.794
12.676
12.639
12.778
12.708
12.794
12.774
12.606
12.537
12.606
12.757
12.708
12.537
12.692
12.676
12.708
12.827
12.794
12.778
12.504
12.676
12.778
12.725
12.659
12.639
12.692
12.708
12.725
12.692
12.827
12.725
12.741
12.676
12.553
12.725
12.659
12.708
12.741
12.708
('The average distance is: ', 12.7033)('The Standard deviation is: ', 0.25287870842850846)