12.537
12.929
12.864
12.692
12.949
12.982
25.416
12.708
12.896
12.999
12.708
12.913
12.896
12.843
12.557
12.643
12.643
12.725
12.639
12.639
12.725
11.522
12.655
12.929
12.88
12.59
12.659
12.655
12.622
12.745
12.999
12.864
12.655
12.81
12.843
12.843
12.896
12.913
12.692
12.843
12.876
12.655
12.688
12.573
12.741
12.671
12.606
12.933
12.606
12.676
12.88
12.929
12.778
12.639
12.847
12.622
12.794
12.864
12.639
12.794
12.655
12.692
12.622
12.659
12.725
12.745
12.622
12.655
12.606
12.655
12.88
12.896
12.659
12.745
12.847
12.643
12.86
12.639
12.622
12.847
12.59
12.655
12.88
12.643
12.81
12.655
12.639
12.917
12.52
12.671
12.671
12.569
12.639
12.761
12.639
12.929
12.671
12.725
12.831
12.88
12.88
12.655
12.864
12.827
12.9
12.692
12.761
12.843
12.659
12.794
12.639
12.745
12.88
12.79
12.794
12.827
12.827
12.827
12.88
12.692
('The average distance is: ', 12.8473)('The Standard deviation is: ', 1.168330390874472)