13.101
13.273
12.794
12.896
13.465
12.962
13.412
12.778
12.843
12.843
13.428
13.379
12.896
13.375
13.428
13.342
13.375
13.465
13.379
13.461
13.534
13.035
13.395
13.395
12.741
12.88
12.88
12.761
13.223
13.481
12.88
13.62
13.362
13.412
13.379
12.864
13.448
13.432
12.606
13.412
13.326
13.448
13.428
13.428
12.847
13.395
13.669
13.428
12.933
12.949
12.929
13.223
12.741
13.342
13.375
13.223
13.412
13.465
13.6
13.465
13.326
13.391
13.187
13.035
13.305
13.223
12.913
13.121
13.391
13.187
13.174
12.949
12.913
12.945
13.052
13.395
13.084
12.933
12.913
13.391
13.465
13.395
13.358
13.342
13.412
13.444
13.379
13.428
13.428
12.896
12.88
13.465
12.982
13.223
13.101
13.289
12.913
13.428
12.896
12.913
13.395
13.391
13.379
12.917
12.949
13.052
13.391
13.191
12.847
12.949
13.6
13.379
13.428
13.375
13.089
12.896
13.432
12.794
13.616
12.88
('The average distance is: ', 13.2056)('The Standard deviation is: ', 0.25585460463217108)