13.187
13.326
13.154
13.309
13.277
13.293
13.326
13.326
13.326
13.105
13.546
13.326
13.391
13.379
13.6
13.534
13.514
13.481
13.24
13.395
13.428
13.461
13.395
13.223
13.346
13.62
13.481
13.358
13.256
13.17
13.191
13.121
13.428
13.465
13.17
13.138
13.154
13.395
13.53
13.309
13.412
13.465
13.375
13.375
13.219
13.084
13.326
13.632
13.289
13.326
13.322
13.117
13.379
13.395
13.379
13.191
13.154
13.391
13.375
13.289
13.465
13.412
13.546
13.121
13.412
13.379
13.412
13.346
13.514
13.309
13.154
13.546
13.138
13.412
13.133
13.326
13.563
13.391
13.375
13.379
13.428
13.342
13.117
13.101
13.379
13.293
13.579
13.448
13.309
13.551
13.428
13.138
13.391
13.138
13.309
13.362
13.428
13.358
13.133
13.448
13.379
13.362
13.309
13.277
13.358
13.481
13.273
13.375
13.362
13.407
13.412
13.17
13.461
13.117
13.6
13.358
13.101
13.412
13.497
13.461
('The average distance is: ', 13.3446)('The Standard deviation is: ', 0.13367150148076903)