13.256
13.138
13.133
13.052
13.154
13.089
13.158
13.273
13.052
13.052
13.223
13.326
13.326
13.068
13.305
13.203
13.412
13.636
13.309
13.121
13.583
13.702
13.17
13.342
13.101
13.739
13.219
13.289
13.395
13.342
13.289
13.379
13.068
13.309
13.223
13.706
13.207
13.309
13.273
13.326
13.379
13.187
13.358
13.084
13.068
13.138
13.305
13.084
13.089
13.191
13.207
13.273
13.256
13.497
12.725
13.322
13.391
13.17
13.133
13.362
13.702
13.375
13.105
13.154
13.461
13.804
13.187
13.309
13.015
13.17
13.309
13.24
13.412
13.154
13.207
13.755
13.309
13.084
13.379
13.138
13.739
13.412
13.068
13.105
13.154
13.824
13.117
13.101
13.444
13.105
13.735
13.084
13.138
13.428
13.072
13.207
13.133
13.203
13.089
13.223
13.219
13.068
13.154
13.309
13.052
13.256
13.154
13.084
13.068
13.154
13.17
13.068
13.138
13.174
13.154
13.739
13.068
13.24
13.154
13.17
('The average distance is: ', 13.256)('The Standard deviation is: ', 0.1961214036559723)