13.497
13.187
13.653
13.342
13.035
13.461
13.653
13.191
13.481
14.511
13.546
12.949
13.207
12.177
13.256
13.514
12.986
13.015
13.035
13.052
13.497
13.207
13.616
13.068
12.88
13.685
13.685
13.616
13.019
12.999
13.649
12.962
13.121
13.105
13.121
13.53
13.546
13.003
13.342
13.035
13.706
13.256
13.191
13.101
13.089
13.739
12.483
12.966
12.966
13.17
13.685
13.052
23.168
13.497
12.966
13.6
13.616
12.966
13.019
13.17
13.121
13.101
13.068
13.089
13.256
13.755
13.428
13.649
13.669
13.031
13.514
13.309
13.068
13.293
13.084
13.481
12.982
12.999
13.342
13.138
13.718
13.105
13.223
13.309
13.207
13.551
12.982
13.24
13.068
12.999
13.653
13.052
12.949
13.702
13.174
13.583
13.084
12.982
13.219
13.362
13.514
13.035
13.035
13.305
13.579
13.583
13.121
13.084
13.546
13.477
13.702
13.031
13.326
13.546
13.191
13.653
12.966
13.031
13.804
13.514
('The average distance is: ', 13.3619)('The Standard deviation is: ', 0.95326002034416324)