13.804
14.254
13.702
13.649
14.254
13.718
14.25
13.788
13.792
13.943
13.874
13.616
13.824
13.755
13.89
13.685
13.616
13.755
13.649
13.702
13.808
13.649
13.632
13.653
13.771
13.894
13.702
13.804
13.632
13.874
13.91
13.804
13.546
13.755
13.841
13.91
13.906
13.857
13.771
13.808
13.874
13.6
13.824
13.755
13.804
13.751
13.959
13.943
13.739
13.669
13.91
13.653
13.874
13.841
13.841
13.685
13.722
13.89
13.788
13.583
13.154
13.824
13.906
13.702
13.89
13.69
13.857
13.718
13.718
13.669
13.857
13.379
13.735
13.718
13.857
13.841
13.669
13.739
13.857
13.567
13.804
13.824
13.669
13.739
13.874
13.906
13.857
13.927
13.788
13.894
13.808
13.894
13.669
13.824
13.722
13.943
13.751
13.685
13.702
13.649
13.702
13.959
13.837
13.669
13.837
13.853
13.841
12.52
13.722
13.616
13.788
13.874
13.91
13.722
13.788
13.894
13.906
13.771
13.669
13.604
('The average distance is: ', 13.7709)('The Standard deviation is: ', 0.18209267117695471)