12.933
12.81
12.982
12.831
12.88
12.794
12.933
12.949
12.933
12.708
12.896
12.81
12.896
12.966
12.708
12.847
13.158
12.847
12.896
12.827
12.88
12.949
12.913
13.223
12.847
12.88
12.917
12.843
12.831
12.933
13.035
12.778
12.745
12.982
12.949
12.827
13.035
12.847
12.741
12.966
12.725
12.876
13.052
12.88
12.794
12.966
13.481
12.745
12.761
12.708
12.88
12.79
12.864
13.003
12.827
12.794
12.815
12.913
12.929
12.827
13.117
12.864
12.81
12.864
12.815
12.929
13.035
12.741
13.019
12.741
12.847
12.757
12.864
13.035
12.778
13.035
13.052
12.864
12.827
12.729
12.757
13.052
12.794
12.86
12.966
12.864
12.9
12.88
12.847
12.913
12.982
12.794
12.794
12.81
13.031
12.88
12.5
12.847
12.88
12.88
13.17
12.843
12.999
12.827
13.223
12.913
12.913
12.761
12.741
12.88
12.88
12.945
12.896
12.896
12.933
12.876
12.913
12.864
12.864
12.827
('The average distance is: ', 12.8873)('The Standard deviation is: ', 0.12253128309184746)