13.62
13.632
13.567
13.551
13.567
13.632
13.477
13.649
13.481
13.546
13.653
13.6
13.669
13.702
13.669
13.685
13.669
13.465
13.546
13.653
13.669
13.493
13.685
13.632
14.614
13.546
13.604
13.551
13.718
13.616
13.583
13.62
13.62
13.632
13.579
13.6
13.53
13.604
13.6
13.481
13.841
13.546
13.718
13.444
13.685
13.685
13.632
13.53
13.6
13.649
13.428
13.567
13.702
13.546
13.428
13.514
13.477
13.428
13.583
13.358
13.6
13.546
13.739
13.653
13.546
13.514
13.551
13.6
13.514
13.649
13.6
13.514
13.461
13.546
13.567
13.718
13.649
13.616
13.632
13.342
13.632
13.62
13.616
13.583
13.53
13.722
13.669
13.616
13.534
13.653
1.358
13.653
13.636
13.551
13.391
13.583
13.546
13.653
13.583
13.665
13.616
13.481
13.514
13.444
13.616
13.616
13.551
13.653
13.653
13.342
13.685
13.461
13.653
13.428
13.632
13.632
13.379
13.514
13.632
13.567
('The average distance is: ', 13.4899)('The Standard deviation is: ', 1.1242586215409884)