13.412
13.428
13.309
13.395
13.514
13.428
13.375
13.375
13.444
13.277
13.465
13.444
13.514
13.407
13.395
13.448
13.461
13.481
13.256
13.375
13.379
13.497
13.465
13.428
13.53
13.412
13.346
13.358
13.342
13.309
13.497
13.326
13.362
13.412
13.428
13.375
13.497
13.309
13.481
13.428
13.461
13.461
13.685
13.342
13.309
13.346
13.391
13.428
13.395
13.375
13.636
13.342
13.722
13.669
13.395
13.497
13.326
13.379
13.6
11.817
13.428
13.448
13.428
13.428
13.481
13.293
13.428
13.481
13.375
13.444
13.395
13.444
13.465
13.24
13.461
13.428
11.424
13.534
13.412
13.391
13.412
13.444
13.223
13.395
13.379
13.346
13.407
13.481
13.412
13.428
13.379
13.412
13.342
12.197
13.444
13.444
13.309
13.293
13.53
13.465
13.477
13.444
13.6
13.497
13.428
13.514
13.342
13.444
13.379
13.342
13.461
13.481
13.362
13.722
13.6
13.362
13.755
13.567
13.342
13.375
('The average distance is: ', 13.3885)('The Standard deviation is: ', 0.27497458807976399)