12.43
12.467
12.537
12.434
12.487
12.553
12.434
12.434
12.59
12.381
12.586
12.504
12.418
12.5
12.397
12.537
12.434
12.52
12.487
12.455
12.569
12.59
12.332
12.622
12.381
12.434
12.418
12.504
12.418
12.676
12.504
12.537
12.381
12.487
13.685
12.451
12.537
12.52
12.504
12.5
12.537
12.295
12.504
12.451
12.553
12.537
12.467
12.504
12.553
14.389
12.467
12.671
12.381
12.434
12.864
12.553
12.418
12.397
12.381
12.487
12.59
12.451
12.434
12.52
12.414
12.643
12.708
12.414
12.467
12.537
12.553
12.418
12.451
12.467
12.708
12.676
12.467
12.471
12.537
12.692
12.622
12.569
12.451
12.483
12.573
12.52
12.643
12.622
12.434
12.451
12.365
12.467
12.467
12.483
12.573
12.451
12.418
12.487
12.397
12.295
12.573
12.569
12.537
12.242
12.573
('The average distance is: ', 12.5272)('The Standard deviation is: ', 0.23710930540706898)