13.669
13.428
13.6
13.702
13.649
13.534
13.53
13.481
13.718
13.82
13.636
13.755
13.465
13.771
13.583
13.669
13.751
13.89
13.841
13.669
13.665
13.755
13.804
13.653
13.739
13.788
13.82
13.808
13.808
13.718
13.636
13.771
13.653
13.428
13.755
13.653
13.497
13.551
13.669
13.6
13.53
13.567
13.857
13.841
13.857
13.653
13.551
13.461
13.824
13.444
13.497
13.771
13.755
13.62
13.739
13.669
13.91
13.497
12.847
13.89
13.17
13.755
13.546
13.771
15.227
13.739
13.444
13.497
13.685
13.755
13.669
13.702
13.755
13.857
13.669
11.608
13.685
13.739
13.6
14.135
13.583
13.653
13.514
13.771
13.91
13.857
13.718
13.841
13.857
13.616
13.841
13.804
13.735
13.702
13.653
13.6
13.755
13.551
13.669
13.428
13.636
13.824
13.808
13.735
13.751
13.824
13.788
13.792
13.653
13.718
13.775
13.792
13.722
13.771
13.755
13.685
13.444
13.735
13.755
13.739
('The average distance is: ', 13.679)('The Standard deviation is: ', 0.28339146544854804)