12.606
12.639
12.418
12.692
12.692
12.622
12.692
12.606
12.655
12.655
12.557
12.725
12.671
12.622
12.622
12.553
12.655
12.655
12.504
12.418
12.586
12.606
12.671
12.794
12.622
12.643
12.606
12.52
12.622
12.676
12.59
12.504
12.602
12.655
12.671
12.586
12.59
12.639
12.553
12.402
12.5
12.639
12.483
12.676
12.655
12.606
12.606
12.5
12.434
12.639
12.602
12.59
12.639
12.671
12.467
12.5
12.451
12.348
12.741
12.451
12.537
12.52
12.622
12.643
12.434
12.418
12.676
12.434
12.606
12.451
12.451
12.708
12.418
12.676
12.643
12.418
12.725
12.659
12.659
12.418
12.655
12.655
12.602
12.659
12.553
12.655
12.639
12.692
12.757
12.761
12.59
12.451
12.639
12.671
12.43
12.553
12.537
12.729
12.692
12.557
12.586
12.725
12.622
14.323
12.622
('The average distance is: ', 12.6102)('The Standard deviation is: ', 0.1943404912949861)