13.755
13.035
12.827
13.632
13.346
12.999
13.154
13.187
13.6
12.88
13.015
12.966
13.052
13.375
13.375
13.293
13.019
12.966
13.309
13.616
13.6
13.174
13.567
13.636
13.309
13.6
13.117
13.653
13.121
13.346
13.636
13.133
13.309
12.827
13.138
13.068
13.546
12.778
13.068
13.256
13.546
13.101
13.62
13.514
12.847
13.052
13.632
12.999
13.739
13.273
13.563
13.031
13.428
13.105
13.567
13.395
13.158
13.583
13.089
13.015
13.048
13.514
13.035
12.933
13.084
13.256
13.444
13.052
13.428
12.896
13.342
12.982
13.583
13.273
13.407
13.685
13.138
13.518
13.567
13.583
13.583
12.982
13.273
13.289
13.653
13.616
12.999
13.653
12.864
13.305
12.933
13.223
13.358
13.706
12.949
13.685
13.154
12.81
13.105
13.138
13.154
13.015
12.827
13.101
13.019
13.203
13.444
13.154
13.256
13.551
13.702
13.084
13.289
13.362
13.362
10.942
13.138
13.583
13.346
13.273
('The average distance is: ', 13.2533)('The Standard deviation is: ', 0.33648258400953934)